0 0.0826171875 0.8520833333333333 0.06328125 0.03333333333333333
0 0.9024140624999999 0.6857638888888888 0.04791015625 0.024305555555555556
0 0.14375 0.3527777777777778 0.034375 0.016666666666666666
0 0.873046875 0.37349305555555556 0.032421875 0.01551388888888889
0 0.65269921875 0.1834027777777778 0.0228671875 0.011743055555555555
0 0.0948359375 0.14633333333333334 0.02511328125 0.013888888888888888
0 0.11099609375 0.034479166666666665 0.01625 0.007215277777777778
0 0.2521484375 0.17152777777777778 0.02421875 0.013888888888888888
0 0.34666406250000004 0.030972222222222224 0.01641796875 0.007743055555555556
0 0.43355468750000004 0.04657638888888888 0.014582031249999999 0.007534722222222222
0 0.47894531249999994 0.07200694444444444 0.01755859375 0.008819444444444444
0 0.7877421874999999 0.0702013888888889 0.008125 0.008020833333333335