0 0.356640625 0.7069444444444445 0.04765625 0.02638888888888889
0 0.3197265625 0.3736111111111111 0.0421875 0.02361111111111111
0 0.0572265625 0.5076388888888889 0.04296875 0.022222222222222223
0 0.3443359375 0.2226875 0.026171875 0.011125
0 0.1189453125 0.16666666666666666 0.026171875 0.016666666666666666
0 0.2625 0.2763888888888889 0.03359375 0.01875
0 0.389453125 0.14525694444444442 0.021484375 0.012041666666666666
0 0.821875 0.044444444444444446 0.016015625 0.009722222222222222
0 0.862109375 0.11493055555555555 0.017578125 0.013194444444444444
0 0.1103515625 0.036347222222222225 0.0171875 0.00811111111111111
0 0.36282421875000004 0.014583333333333334 0.01719140625 0.011805555555555555
0 0.35531640625 0.06281944444444444 0.01862890625 0.010229166666666668
0 0.42074999999999996 0.043805555555555556 0.0165859375 0.008284722222222223
0 0.45587109375 0.016805555555555556 0.01651953125 0.009659722222222222
0 0.481359375 0.06389583333333333 0.0105390625 0.0078125
0 0.4531171875 0.10606249999999999 0.01071875 0.00982638888888889
0 0.8928437499999999 0.0546875 0.011882812500000001 0.0071736111111111115