0 0.317578125 0.6049444444444444 0.04765625 0.022756944444444448
0 0.8138867187500001 0.31018055555555557 0.02886328125 0.012819444444444446
0 0.08515625 0.16111111111111112 0.0265625 0.017361111111111112
0 0.133984375 0.3013888888888889 0.033984375 0.01875
0 0.20234375 0.22212500000000002 0.02890625 0.013381944444444445
0 0.2439453125 0.15840277777777778 0.024609375 0.014451388888888889
0 0.77098046875 0.14691666666666667 0.01976171875 0.010340277777777778
0 0.1107421875 0.03348611111111111 0.016796875 0.008354166666666666
0 0.3441796875 0.07939583333333333 0.0190625 0.011347222222222222
0 0.86961328125 0.08517361111111112 0.016242187499999998 0.007159722222222223
0 0.3891015625 0.0016458333333333333 0.015140625 0.0032847222222222227
0 0.478125 0.017215277777777777 0.014609374999999999 0.0074444444444444445
0 0.94152734375 0.018000000000000002 0.012511718750000001 0.006729166666666666