0 0.8771484375 0.34930555555555554 0.03125 0.017361111111111112
0 0.07005078125 0.20711805555555557 0.026035156250000004 0.012854166666666668
0 0.39490625 0.13780555555555554 0.022296875 0.009993055555555555
0 0.20582421874999998 0.11129166666666666 0.0203828125 0.00975
0 0.7668125 0.13495138888888888 0.019890625000000002 0.009805555555555555
0 0.9273828125 0.2832152777777778 0.028046875 0.015729166666666666
0 0.6619140625 0.31805555555555554 0.01015625 0.015277777777777777
0 0.8643398437500001 0.08385416666666666 0.0170234375 0.008631944444444444
0 0.10909765625000001 0.03780555555555555 0.01657421875 0.008291666666666666
0 0.382859375 0.07029166666666667 0.01825 0.009965277777777778
0 0.33279296875000003 0.03917361111111111 0.016625 0.0079375
0 0.3906171875 0.019583333333333335 0.01567578125 0.007201388888888888
0 0.4765 0.02719444444444444 0.014171875 0.009381944444444444
0 0.5547734375 0.041027777777777774 0.01566015625 0.008548611111111111
0 0.74546875 0.044361111111111115 0.007851562500000001 0.011506944444444445
0 0.6860976562500001 0.10088194444444445 0.0085859375 0.009868055555555557