0 0.0953125 0.6760416666666667 0.05 0.025
0 0.34296875 0.40868055555555555 0.03828125 0.020833333333333332
0 0.85390625 0.36319444444444443 0.03203125 0.01597222222222222
0 0.14921875 0.3451388888888889 0.03515625 0.016666666666666666
0 0.23044531250000003 0.07752083333333333 0.02036328125 0.011624999999999998
0 0.7984375 0.23125 0.025390625 0.015277777777777777
0 0.2898984375 0.11366666666666667 0.0208828125 0.009652777777777777
0 0.11040625 0.03805555555555555 0.016597656250000002 0.008333333333333333
0 0.4847890625 0.025118055555555557 0.01489453125 0.009493055555555555
0 0.00501953125 0.29680555555555554 0.01003515625 0.016243055555555556
0 0.39649609375 0.11052083333333333 0.020140625000000002 0.01038888888888889
0 0.39426171875 0.010597222222222221 0.0148984375 0.008819444444444444
0 0.526296875 0.03929166666666666 0.00483984375 0.006868055555555556
0 0.6876953125 0.09878472222222222 0.01059765625 0.01152777777777778
0 0.77976953125 0.09272916666666667 0.018234375 0.009076388888888889
0 0.8351445312499999 0.03695138888888889 0.014488281250000002 0.009819444444444445
0 0.8129843749999999 0.020812499999999998 0.007609375 0.007006944444444444
0 0.8799257812500001 0.06161805555555556 0.0168515625 0.010361111111111111
0 0.91685546875 0.03276388888888889 0.0073046874999999995 0.007541666666666666