0 0.131640625 0.3402777777777778 0.034765625 0.01875
0 0.333203125 0.4406527777777777 0.034765625 0.01615277777777778
0 0.33430468750000003 0.2461458333333333 0.031 0.014513888888888889
0 0.020703125 0.2545138888888889 0.030078125 0.015277777777777777
0 0.2611328125 0.18611111111111112 0.027734375 0.018055555555555554
0 0.37734375 0.16230555555555556 0.02265625 0.010284722222222223
0 0.11013671875 0.03656944444444444 0.016835937500000002 0.007666666666666666
0 0.8650390625 0.15400694444444446 0.01953125 0.008979166666666667
0 0.43412109374999996 0.10130555555555555 0.019648437499999998 0.009520833333333334
0 0.1937421875 0.11581944444444445 0.023027343750000002 0.009208333333333334
0 0.412140625 0.034180555555555554 0.013851562500000001 0.007902777777777778
0 0.4963984375 0.0698125 0.016125 0.009006944444444444
0 0.531046875 0.034868055555555555 0.01344140625 0.007562500000000001
0 0.7895078125 0.07536111111111111 0.01633984375 0.007854166666666667
0 0.83526953125 0.03265277777777778 0.014140625 0.007465277777777778
0 0.90594140625 0.0033055555555555555 0.012515624999999999 0.006604166666666666