0 0.0748046875 0.7079861111111111 0.052734375 0.025694444444444443
0 0.1302734375 0.4569722222222222 0.040625 0.020090277777777776
0 0.87143359375 0.3703958333333333 0.03359375 0.018055555555555554
0 0.8736328125 0.2204861111111111 0.02421875 0.014583333333333334
0 0.33680078125 0.5163055555555556 0.0443984375 0.022256944444444444
0 0.6603515625 0.28715277777777776 0.016015625 0.015277777777777777
0 0.11078906250000001 0.03395138888888889 0.01611328125 0.008277777777777778
0 0.10192187500000001 0.16952083333333334 0.02435546875 0.011402777777777779
0 0.26398046875 0.06927777777777779 0.01743359375 0.009215277777777777
0 0.40562890625000003 0.020027777777777776 0.015441406250000001 0.008673611111111111
0 0.5530859375 0.020333333333333335 0.01569140625 0.008083333333333333