0 0.193359375 0.23993055555555556 0.029296875 0.014166666666666666
0 0.3337890625 0.3003472222222222 0.029296875 0.017361111111111112
0 0.04765625 0.8065972222222222 0.061328125 0.02847222222222222
0 0.0798828125 0.18263888888888888 0.02578125 0.014583333333333334
0 0.36024609375 0.1703611111111111 0.02480859375 0.0130625
0 0.76623046875 0.11366666666666667 0.018714843749999998 0.009840277777777778
0 0.4205078125 0.11461805555555557 0.020703125 0.010027777777777778
0 0.3607421875 0.8618055555555556 0.05859375 0.027777777777777776
0 0.4751953125 0.06584722222222222 0.018359375 0.008958333333333334
0 0.29651953125 0.1265486111111111 0.02336328125 0.013506944444444445
0 0.1099609375 0.03623611111111111 0.0171875 0.008388888888888888
0 0.883984375 0.20179861111111108 0.02265625 0.011229166666666669
0 0.26377734375 0.07774305555555555 0.01831640625 0.011229166666666669
0 0.8043828124999999 0.057861111111111106 0.016191406250000002 0.008451388888888888
0 0.5466289062499999 0.041444444444444443 0.015867187499999998 0.00932638888888889
0 0.5842304687500001 0.011986111111111112 0.015113281249999999 0.006381944444444444
0 0.86266796875 0.02369444444444444 0.013136718750000002 0.006826388888888889