0 0.9724609375 0.2847222222222222 0.028515625 0.016666666666666666
0 0.8466796875 0.33576388888888886 0.030078125 0.017361111111111112
0 0.0979296875 0.17099305555555555 0.026015624999999997 0.014263888888888888
0 0.7655000000000001 0.1851388888888889 0.02329296875 0.011944444444444443
0 0.18402734375000002 0.22909027777777777 0.028328125 0.012805555555555556
0 0.0625 0.8333333333333334 0.057421875 0.025
0 0.421484375 0.10798611111111112 0.0203125 0.013888888888888888
0 0.3259765625 0.225 0.0265625 0.015277777777777777
0 0.48975 0.0430625 0.0172734375 0.009784722222222222
0 0.2712890625 0.06076388888888889 0.01875 0.0125
0 0.576171875 0.02638888888888889 0.016796875 0.0125
0 0.36484375 0.08611111111111111 0.019140625 0.011805555555555555
0 0.110125 0.03959027777777778 0.01639453125 0.008215277777777778
0 0.458796875 0.022159722222222223 0.01451953125 0.009368055555555557
0 0.773484375 0.024694444444444446 0.013730468749999999 0.009576388888888888
0 0.83958984375 0.034194444444444444 0.015078125000000001 0.007805555555555556
0 0.91985546875 0.028458333333333332 0.013500000000000002 0.008979166666666667
0 0.96545703125 0.0064513888888888885 0.01369921875 0.007423611111111111