0 0.3638671875 0.6795138888888889 0.048046875 0.02638888888888889
0 0.301171875 0.40368055555555554 0.03671875 0.0169375
0 0.923046875 0.4440972222222222 0.036328125 0.019444444444444445
0 0.7822265625 0.20381944444444444 0.023828125 0.013194444444444444
0 0.15703125 0.10902777777777778 0.02421875 0.01597222222222222
0 0.18455859375 0.20526388888888888 0.02814453125 0.011381944444444445
0 0.11015625 0.034104166666666665 0.017578125 0.0085625
0 0.86494140625 0.1241875 0.0181640625 0.0101875
0 0.251953125 0.1578888888888889 0.025390625 0.009993055555555555
0 0.29140625 0.10835416666666667 0.01953125 0.01323611111111111
0 0.40121484374999994 0.047888888888888884 0.01628515625 0.009513888888888888
0 0.9125703125 0.03614583333333333 0.0134375 0.0067083333333333335