0 0.9 0.39618055555555554 0.034375 0.017361111111111112
0 0.327734375 0.30833333333333335 0.03203125 0.017361111111111112
0 0.3400390625 0.60625 0.0515625 0.02847222222222222
0 0.29375 0.41944444444444445 0.040625 0.02361111111111111
0 0.0408203125 0.23541666666666666 0.030859375 0.016666666666666666
0 0.29743359375 0.03982638888888889 0.0180390625 0.010145833333333333
0 0.295703125 0.09930555555555555 0.021875 0.010729166666666666
0 0.11022265625000001 0.036694444444444446 0.0168984375 0.006881944444444445
0 0.36397265624999997 0.07430555555555556 0.01841015625 0.009125000000000001
0 0.39928515625 0.041604166666666664 0.01671484375 0.008875
0 0.41355078125 0.15187499999999998 0.00850390625 0.009645833333333334
0 0.34615625 0.20147222222222222 0.02546484375 0.006756944444444445
0 0.8707421875 0.08616666666666667 0.01580859375 0.008534722222222221
0 0.9101328125 0.03297222222222222 0.01364453125 0.006388888888888888
0 0.9311562500000001 0.2561875 0.0255859375 0.01345138888888889