0 0.381640625 0.9215625 0.06405859375 0.03256944444444444
0 0.09574218749999999 0.7326041666666667 0.05265234375 0.026458333333333334
0 0.7935546875 0.26366666666666666 0.026953125 0.013222222222222222
0 0.97421875 0.3125 0.0296875 0.01597222222222222
0 0.9755859375 0.7931111111111111 0.048828125 0.02638888888888889
0 0.03125 0.23645833333333333 0.02734375 0.013888888888888888
0 0.64372265625 0.20366666666666663 0.02376953125 0.0119375
0 0.8612578125000001 0.16180555555555556 0.02084375 0.011631944444444445
0 0.11029296875000001 0.034791666666666665 0.01692578125 0.007736111111111111
0 0.34173828125 0.04459722222222222 0.01705078125 0.008493055555555556
0 0.49491796875 0.04961111111111111 0.01698828125 0.008020833333333335
0 0.1975625 0.10451388888888889 0.019140625 0.010055555555555555