0 0.9134765625 0.6496527777777777 0.045703125 0.025
0 0.34658984375 0.6129236111111112 0.0484375 0.025694444444444443
0 0.34174609375 0.21658333333333332 0.028421875000000003 0.014083333333333335
0 0.7697265625 0.45555555555555555 0.037109375 0.01875
0 0.1609375 0.2911458333333333 0.03203515625 0.013381944444444445
0 0.9841796875 0.41458333333333336 0.03046875 0.018055555555555554
0 0.21935937499999997 0.20664583333333333 0.026515624999999998 0.013291666666666667
0 0.09140625 0.7739583333333333 0.054296875 0.025694444444444443
0 0.69375 0.3177083333333333 0.02109375 0.016666666666666666
0 0.110484375 0.03488888888888889 0.01691796875 0.007840277777777778
0 0.01591796875 0.25277777777777777 0.02909765625 0.014583333333333334
0 0.23930859375 0.08298611111111111 0.01904296875 0.009381944444444444
0 0.3808359375 0.018881944444444444 0.01343359375 0.0088125
0 0.7430117187499999 0.03733333333333333 0.01466796875 0.0071805555555555555
0 0.8284296875000001 0.03972916666666667 0.014707031249999999 0.007916666666666667