0 0.76640625 0.47152777777777777 0.038671875 0.01597222222222222
0 0.44375 0.08819444444444445 0.019921875 0.009027777777777777
0 0.1107421875 0.03576388888888889 0.016796875 0.008333333333333333
0 0.7705078125 0.18819444444444444 0.023046875 0.011805555555555555
0 0.65546875 0.14444444444444443 0.020703125 0.0125
0 0.8580078125 0.11770833333333333 0.019140625 0.009722222222222222
0 0.1359375 0.14895833333333333 0.022265625 0.011805555555555555
0 0.9115234375 0.24479166666666666 0.019921875 0.013194444444444444
0 0.2759765625 0.07326388888888889 0.01875 0.009027777777777777
0 0.5318359375 0.006597222222222222 0.012890625 0.00625
0 0.61015625 0.017361111111111112 0.0140625 0.008333333333333333
0 0.39534375 0.015715277777777776 0.0151484375 0.008659722222222223
0 0.994125 0.3563472222222222 0.01174609375 0.013520833333333333