0 0.74375 0.4255277777777778 0.036328125 0.017701388888888888
0 0.36640625 0.6993055555555555 0.0515625 0.024305555555555556
0 0.76023046875 0.15308333333333332 0.021242187500000002 0.010506944444444445
0 0.1353515625 0.496875 0.04296875 0.021527777777777778
0 0.88383984375 0.1869375 0.02255859375 0.011895833333333333
0 0.23828125 0.17118055555555556 0.02578125 0.013888888888888888
0 0.1556640625 0.3298611111111111 0.037109375 0.020833333333333332
0 0.0609375 0.7548611111111111 0.055078125 0.027083333333333334
0 0.244140625 0.05451388888888889 0.01875 0.011111111111111112
0 0.11015625 0.03301388888888889 0.017578125 0.008708333333333334
0 0.7908203125 0.06875 0.0171875 0.011805555555555555
0 0.35983203124999996 0.074875 0.018984375 0.010506944444444445
0 0.58985546875 0.01526388888888889 0.00864453125 0.007
0 0.5594140624999999 0.0017638888888888888 0.013332031250000001 0.0035277777777777777
0 0.9196757812499999 0.02947222222222222 0.0134765625 0.006597222222222222