0 0.1123515625 0.43645833333333334 0.039453125 0.01875
0 0.90596484375 0.3032013888888889 0.028515625 0.014284722222222223
0 0.32922265624999997 0.3241805555555555 0.034824218750000004 0.017652777777777778
0 0.744140625 0.41597222222222224 0.035546875 0.01875
0 0.17109375 0.30472916666666666 0.032421875 0.015381944444444443
0 0.11077343749999999 0.035604166666666666 0.016730468749999998 0.008930555555555554
0 0.17325 0.12175694444444446 0.021109375 0.010875
0 0.32188671874999997 0.042777777777777776 0.016203125 0.010055555555555555
0 0.46712499999999996 0.003131944444444444 0.014296875 0.006270833333333333
0 0.786125 0.014673611111111111 0.0133046875 0.006805555555555556
0 0.8651484375 0.01925 0.013105468749999998 0.007041666666666667