0 0.3533203125 0.203125 0.02734375 0.015277777777777777
0 0.1400390625 0.15694444444444444 0.023828125 0.015277777777777777
0 0.802734375 0.25081944444444443 0.026171875 0.012305555555555554
0 0.645046875 0.22209722222222222 0.023933593750000003 0.0125625
0 0.8830078125 0.22256944444444443 0.025390625 0.015277777777777777
0 0.10919921875000001 0.03715277777777778 0.0172265625 0.00775
0 0.270703125 0.06561805555555555 0.0203125 0.010402777777777778
0 0.7146484375 0.06493055555555556 0.015234375 0.00807638888888889
0 0.77885546875 0.09356249999999999 0.01768359375 0.009840277777777778
0 0.33180078125 0.10508333333333333 0.0196015625 0.010854166666666666
0 0.009375 0.284375 0.018359375 0.015277777777777777
0 0.33034765625 0.0433125 0.017484375 0.010381944444444444
0 0.42003124999999997 0.05077777777777778 0.0163125 0.009868055555555557
0 0.50221875 0.06713888888888889 0.00999609375 0.008597222222222223
0 0.750265625 0.0468263888888889 0.009359375 0.008402777777777778
0 0.795953125 0.017645833333333333 0.013363281250000001 0.006423611111111111