0 0.2521484375 0.17395833333333333 0.02421875 0.011111111111111112
0 0.141015625 0.13125 0.02265625 0.011111111111111112
0 0.091796875 0.5006944444444444 0.046875 0.022222222222222223
0 0.3078125 0.5045138888888889 0.041796875 0.022222222222222223
0 0.932421875 0.2704861111111111 0.024609375 0.011805555555555555
0 0.468359375 0.07847222222222222 0.01796875 0.009027777777777777
0 0.351171875 0.21180555555555555 0.023828125 0.013888888888888888
0 0.3955078125 0.11631944444444445 0.021484375 0.009722222222222222
0 0.3431640625 0.08229166666666667 0.0203125 0.011805555555555555
0 0.880078125 0.1527777777777778 0.01796875 0.010416666666666666
0 0.110546875 0.03715277777777778 0.016796875 0.007638888888888889
0 0.758984375 0.165625 0.02109375 0.011111111111111112
0 0.823828125 0.04756944444444444 0.0140625 0.007638888888888889
0 0.3197265625 0.04791666666666667 0.007421875 0.008333333333333333
0 0.5275390625 0.03819444444444445 0.00625 0.008333333333333333
0 0.7802734375 0.09131944444444444 0.017578125 0.008333333333333333
0 0.60246484375 0.019736111111111114 0.006921874999999999 0.007902777777777778
0 0.5927734375 0.01938888888888889 0.0048671875 0.008375