0 0.095703125 0.5673611111111111 0.04375 0.022222222222222223
0 0.332421875 0.42083333333333334 0.03828125 0.02013888888888889
0 0.2611328125 0.16264583333333335 0.02421875 0.011236111111111112
0 0.0525390625 0.19722222222222222 0.028125 0.01875
0 0.65155078125 0.21820833333333337 0.02426171875 0.011819444444444445
0 0.1384140625 0.12959722222222222 0.023546875000000002 0.011152777777777777
0 0.77271484375 0.19846527777777778 0.022539062500000002 0.011145833333333334
0 0.36339062499999997 0.19378472222222223 0.02535546875 0.012680555555555556
0 0.2064453125 0.23298611111111112 0.02734375 0.014583333333333334
0 0.41116796874999995 0.12720833333333334 0.021406249999999998 0.009944444444444445
0 0.11067578125 0.03768055555555556 0.01705078125 0.007805555555555556
0 0.3859609375 0.06304166666666666 0.018140625 0.009125000000000001
0 0.330078125 0.3128472222222222 0.03125 0.01597222222222222
0 0.45995703125 0.03259722222222222 0.01597265625 0.009444444444444445
0 0.80262109375 0.06666666666666667 0.01657421875 0.008819444444444444
0 0.183125 0.10700694444444445 0.016671875 0.0100625
0 0.94671484375 0.015805555555555555 0.013457031250000001 0.008548611111111111