0 0.37109375 0.7069444444444445 0.051953125 0.02638888888888889
0 0.0375703125 0.9371527777777777 0.06157421875 0.029861111111111113
0 0.0791015625 0.17465277777777777 0.028515625 0.018055555555555554
0 0.34140625 0.4847222222222222 0.03984375 0.02013888888888889
0 0.34114062500000003 0.28927083333333337 0.0310859375 0.014624999999999999
0 0.20928515625 0.22503472222222223 0.02726953125 0.013
0 0.654921875 0.15393055555555554 0.02048046875 0.009979166666666666
0 0.37034765625 0.18109027777777775 0.025230468750000002 0.012875
0 0.76804296875 0.14268055555555556 0.01984765625 0.010097222222222221
0 0.15594921875 0.3392361111111111 0.03302734375 0.016666666666666666
0 0.4630859375 0.06129861111111111 0.01846484375 0.008652777777777778
0 0.32434375000000004 0.0966875 0.0204140625 0.010222222222222223
0 0.397796875 0.06174305555555555 0.01768359375 0.010604166666666666
0 0.110671875 0.03686111111111111 0.016546875 0.008777777777777778
0 0.8319453125 0.04082638888888889 0.01462890625 0.00792361111111111
0 0.4238046875 0.008597222222222223 0.01515625 0.007020833333333333
0 0.00153515625 0.27374305555555556 0.00307421875 0.013659722222222224
0 0.12732421875 0.1453611111111111 0.01430078125 0.011465277777777779
0 0.9724101562499999 0.0032083333333333334 0.013015625 0.006423611111111111