0 0.9279296875 0.28854166666666664 0.0265625 0.014583333333333334
0 0.1134765625 0.6357638888888889 0.046875 0.022916666666666665
0 0.2279296875 0.2552083333333333 0.02734375 0.014583333333333334
0 0.786328125 0.3404861111111111 0.0296875 0.01639583333333333
0 0.1171875 0.16493055555555555 0.025390625 0.015277777777777777
0 0.23359375 0.1954861111111111 0.01953125 0.01597222222222222
0 0.3892578125 0.059375 0.018359375 0.015277777777777777
0 0.6380859375 0.2048611111111111 0.025390625 0.013888888888888888
0 0.2794921875 0.07430555555555556 0.018359375 0.011805555555555555
0 0.0998046875 0.05138888888888889 0.016015625 0.007638888888888889
0 0.1865234375 0.002777777777777778 0.01484375 0.005555555555555556
0 0.8947265625 0.017361111111111112 0.0125 0.00625
0 0.92421875 0.030208333333333334 0.012890625 0.007638888888888889
0 0.7687265625 0.23324305555555555 0.0251328125 0.008687499999999999