0 0.1033203125 0.8184027777777778 0.058203125 0.027777777777777776
0 0.1900390625 0.240625 0.0296875 0.017361111111111112
0 0.119921875 0.5111111111111111 0.04765625 0.025694444444444443
0 0.6591796875 0.2760416666666667 0.0171875 0.01597222222222222
0 0.8619140625 0.1329861111111111 0.020703125 0.014583333333333334
0 0.1681640625 0.09340277777777778 0.0203125 0.013194444444444444
0 0.110546875 0.034722222222222224 0.0171875 0.013194444444444444
0 0.30390625 0.11493055555555555 0.021484375 0.014583333333333334
0 0.769921875 0.10555555555555556 0.019140625 0.011111111111111112
0 0.41484375 0.00625 0.01875 0.011805555555555555
0 0.49597265625000003 0.021125 0.013078125 0.006666666666666666
0 0.536390625 0.03974305555555555 0.01536328125 0.008666666666666666
0 0.95263671875 0.009833333333333333 0.01236328125 0.006291666666666667
0 0.8182499999999999 0.041993055555555554 0.013996093749999999 0.007534722222222222