0 0.32925 0.30464583333333334 0.03212890625 0.01692361111111111
0 0.891015625 0.38472222222222224 0.032421875 0.01875
0 0.0716796875 0.21875 0.02734375 0.016666666666666666
0 0.7654296875 0.18010416666666668 0.023046875 0.012006944444444443
0 0.8623046875 0.1753472222222222 0.022265625 0.013888888888888888
0 0.28084375 0.15339583333333331 0.023078124999999998 0.010131944444444445
0 0.6517578125 0.15729166666666666 0.021875 0.013194444444444444
0 0.45787890625000005 0.10200694444444444 0.018714843749999998 0.010374999999999999
0 0.26619140625000004 0.07195833333333333 0.01879296875 0.010145833333333333
0 0.10946093750000001 0.03791666666666667 0.0169140625 0.008131944444444445
0 0.2043828125 0.10158333333333333 0.020765625 0.010215277777777778
0 0.36446484375 0.08356944444444445 0.01852734375 0.010909722222222223
0 0.586703125 0.0032083333333333334 0.013488281250000001 0.006416666666666667
0 0.9169921875 0.03079166666666667 0.014574218750000001 0.008347222222222221
0 0.8020859375 0.06188194444444444 0.0159609375 0.007569444444444445
0 0.75183203125 0.03752777777777778 0.01521875 0.007236111111111111