0 0.9466796875 0.7086805555555555 0.04921875 0.025694444444444443
0 0.7757226562499999 0.45214583333333336 0.0372265625 0.017833333333333333
0 0.05992578125 0.8732638888888888 0.058203125 0.029166666666666667
0 0.1271484375 0.48055555555555557 0.040625 0.02013888888888889
0 0.329078125 0.3840277777777778 0.03754296875 0.019444444444444445
0 0.39005078125 0.7747777777777778 0.05680468749999999 0.03252083333333333
0 0.27649609375 0.14488194444444444 0.0223984375 0.012472222222222223
0 0.37248046874999996 0.14806944444444445 0.0236640625 0.01029861111111111
0 0.11056250000000001 0.0344375 0.01625390625 0.007340277777777778
0 0.70482421875 0.0661875 0.0160625 0.00820138888888889
0 0.21671875 0.20088194444444443 0.01664453125 0.012770833333333334
0 0.0770703125 0.18455555555555556 0.026175781250000002 0.01326388888888889
0 0.004734375 0.2693263888888889 0.00821484375 0.012826388888888889
0 0.30214453125 0.05182638888888889 0.0170234375 0.00807638888888889
0 0.4395390625 0.0024722222222222224 0.01407421875 0.004944444444444445
0 0.7998984375 0.06626388888888889 0.01605078125 0.009291666666666667
0 0.9038359375 0.0015902777777777777 0.0127890625 0.0031805555555555554