0 0.9365234375 0.4722222222222222 0.0375 0.021527777777777778
0 0.82421875 0.31145833333333334 0.028515625 0.015277777777777777
0 0.1515625 0.38819444444444445 0.036328125 0.01875
0 0.0583984375 0.9128472222222223 0.058984375 0.029166666666666667
0 0.3298828125 0.17263194444444444 0.0234375 0.010409722222222223
0 0.6552734375 0.28229166666666666 0.015625 0.01597222222222222
0 0.7685546875 0.20381944444444444 0.02265625 0.0125
0 0.1978515625 0.10555555555555556 0.0209765625 0.009402777777777777
0 0.45465625000000004 0.023416666666666665 0.01476171875 0.0072499999999999995
0 0.30080859375 0.1282361111111111 0.012867187499999998 0.008340277777777778
0 0.10603125 0.04198611111111111 0.016578125 0.007493055555555555
0 0.35507421875 0.03592361111111111 0.01615625 0.009152777777777777
0 0.69582421875 0.08175694444444445 0.01651171875 0.008604166666666666
0 0.8967304687500001 0.042784722222222224 0.014476562500000002 0.008291666666666666
0 0.85308984375 0.026458333333333334 0.0134453125 0.007208333333333334