0 0.3765625 0.8673611111111111 0.059375 0.029861111111111113
0 0.97578125 0.46631944444444445 0.037109375 0.01875
0 0.173828125 0.296875 0.0328125 0.017361111111111112
0 0.375 0.20347222222222222 0.0265625 0.014583333333333334
0 0.719140625 0.23472222222222222 0.02578125 0.013888888888888888
0 0.8591796875 0.10798611111111112 0.01953125 0.011805555555555555
0 0.11015625 0.03641666666666667 0.0171875 0.007979166666666667
0 0.7732421875 0.08961805555555556 0.017578125 0.008687499999999999
0 0.0712890625 0.20173611111111112 0.028125 0.014583333333333334
0 0.71626953125 0.0696875 0.016015625 0.008854166666666666
0 0.1294921875 0.14965277777777777 0.024609375 0.013194444444444444
0 0.25146875 0.17300694444444445 0.02468359375 0.013993055555555554
0 0.3633828125 0.02002083333333333 0.0169375 0.009791666666666667
0 0.3997578125 0.04520138888888889 0.016703125 0.009340277777777777
0 0.48950390625000006 0.042687499999999996 0.016230468749999998 0.009819444444444445
0 0.77659375 0.19009722222222222 0.02214453125 0.0125