0 0.3318359375 0.4378472222222222 0.0375 0.02013888888888889
0 0.3328125 0.6857638888888888 0.053515625 0.029861111111111113
0 0.8150390625 0.2847222222222222 0.028125 0.01597222222222222
0 0.3181640625 0.27847222222222223 0.030859375 0.01597222222222222
0 0.110296875 0.035166666666666666 0.01654296875 0.007965277777777778
0 0.307171875 0.11055555555555555 0.021230468750000002 0.007159722222222223
0 0.22864843750000002 0.06826388888888889 0.02044140625 0.013611111111111112
0 0.8831640625 0.17718055555555554 0.021953125 0.008701388888888889
0 0.2376953125 0.14444444444444443 0.025 0.014583333333333334
0 0.8887031249999999 0.058777777777777776 0.014390625 0.008118055555555555
0 0.3435859375 0.071 0.018296875 0.009840277777777778
0 0.46132421875 0.02336111111111111 0.01488671875 0.007270833333333334
0 0.9360781250000001 0.011979166666666667 0.01245703125 0.007194444444444444