0 0.362890625 0.6208333333333333 0.0484375 0.02361111111111111
0 0.7701171875 0.21736111111111112 0.02421875 0.011805555555555555
0 0.9552734375 0.7399305555555555 0.051171875 0.02638888888888889
0 0.09921875 0.4618055555555556 0.0421875 0.022222222222222223
0 0.9359375 0.2621527777777778 0.026171875 0.011111111111111112
0 0.0107421875 0.23923611111111112 0.021484375 0.018055555555555554
0 0.1607421875 0.32256944444444446 0.03515625 0.02013888888888889
0 0.1984375 0.22291666666666668 0.031640625 0.018055555555555554
0 0.776171875 0.10347222222222222 0.01796875 0.009027777777777777
0 0.3328125 0.44131944444444443 0.03984375 0.019444444444444445
0 0.2896484375 0.11840277777777777 0.023046875 0.011111111111111112
0 0.3177734375 0.024305555555555556 0.016796875 0.008333333333333333
0 0.110546875 0.034027777777777775 0.01640625 0.009027777777777777
0 0.417578125 0.042708333333333334 0.017578125 0.009027777777777777
0 0.889453125 0.05486111111111111 0.01484375 0.007638888888888889
0 0.35703125 0.9975694444444444 0.0625 0.004861111111111111
0 0.9730234375 0.003152777777777778 0.0121640625 0.006298611111111112